no_of_buses	no_of_lines	tolerance	no_of_iterations	base_V	base_VA		no_of_DGs		no_of_tie-lines
33		32		0.0000001	10			12660	100000000	1			5
sl_no	from_busto_bus	r(Ohm)	x(Ohm)
1	1		2	0.0922	0.0470
2	2		3	0.493	0.2511
3	3		4	0.366	0.1864
4	4		5	0.3811	0.1941
5	5		6	0.819	0.7070
6	6		7	0.1872	0.6188
7	7		8	0.7114	0.2351
8	8		9	1.03	0.7400
9	9		10	1.044	0.7400
10	10		11	0.1966	0.0650
11	11		12	0.3744	0.1238
12	12		13	1.468	1.1550
13	13		14	0.5416	0.7129
14	14		15	0.591	0.5260
15	15		16	0.7463	0.5450
16	16		17	1.289	1.7210
17	17		18	0.732	0.5740
18	2		19	0.164	0.1565
19	19		20	1.5042	1.3554
20	20		21	0.4095	0.4784
21	21		22	0.7089	0.9373
22	3		23	0.4512	0.3083
23	23		24	0.898	0.7091
24	24		25	0.896	0.7011
25	6		26	0.203	0.1034
26	26		27	0.2842	0.1447
27	27		28	1.059	0.9337
28	28		29	0.8042	0.7006
29	29		30	0.5075	0.2585
30	30		31	0.9744	0.9630
31	31		32	0.3105	0.3619
32	32		33	0.341	0.5302
bus	PL(kW)	QL(kVAR)Ltype	Commercial=1	Industrial=2	Residential=3
1	0	0	0
2	100	60	0
3	90	40	0
4	120	80	0
5	60	30	0
6	60	20	0
7	200	100	0
8	200	100	0
9	60	20	0
10	60	20	0
11	45	30	0
12	60	35	0
13	60	35	0
14	120	80	0
15	60	10	0
16	60	20	0
17	60	20	0
18	90	40	0
19	90	40	0
20	90	40	0
21	90	40	0
22	90	40	0
23	90	50	0
24	420	200	0
25	420	200	0
26	60	25	0
27	60	25	0
28	60	20	0
29	120	70	0
30	200	600	0
31	150	70	0
32	210	100	0
33	60	40	0
bus_no	mp(pu)		nq(pu)		Qmax		V0(pu)	type 1=P-w,Q-V	2=P-V,Q-w	3=both
6	0.2		0.87		100000000	1.01	1
tie line
21	8	2.0	2.0
9	15	2.0	2.0
22	12	2.0	2.0
33	18	0.5	0.5
25	29	0.5	0.5

